3120465300
3128321209
3071209915
3072610663
3084697233
3076578445
3070231528
3083632383
3070281654
3071453239
3073653424
3091942084
3075687337
3099208354
3073379342
3083573930
3073553926
3101174331
3129406884
3084785318
3070332866
3087521295
3076662784
3072150479
3072712278
3090239773
3076127575
3079562247
3089070637
3125207714
3083543662
3077639523
3098731139
3091057104
3090180606
3084216893
3076043478
3077381254
3075635324
3111583269
3075481229
3101279523
3075014275
3078006878
3084219587
3075694806
3075946829
3075967570
3075789914
3118969371
3093361377
3074987016
3109957993
3101065234
3083693391
3083304405
3111585991
3090094325
3105755546
3124799228
3093037356
3136003731
3150912938
3215084604
3224375193
3217056098
3218547242
3219243688
3223525974
3220471698
3214940342
3217227843
3134550710
3160547491
3170603615
3174524746
3220221743
3225822266
3227899731
3226680626
3170476530
3207572850
3212650219
3136049641
3159812985
3184013959
3177491488
3128279930
3138193816
3148296430
3208444375
3133242053
3097124262
3139639057
3171881962
3134108142
3215749919
3169700716
3211676445
3144618505
3080846697
3209599928
3135918205
3199590006
3096674083
3153952411
3182611588
3212196068
3123260164
3169214837
3082188705
3145781680
3173139330
3184009332
3138594789
3071483803
3166586820
3171061416
3231216655
3231280179
3234890754
3236270292
3229383490
3154062503
3100100976
3237483147
3214250988
3201834353
3210240252
3198066058
3159658783
3173196031
3194922441
3072646272
3203203928
3098739829
3228849421
3141215037
3240966394
3142876280
3236908736
3241013638
3243378527
3242492031
3242876423
3244020906
3242697501
3247462748
3247637204
3247766438
3248498691
3248842358
3243560785
3250974096
3250118774
3252379913
3149203270
3087543130
3252377262
3251815259
3208033496
3199805346
3201034411
3193837246
3253885951
3209995116
3245045265
3111525416
3252844768
3144617784
3082185566
3113561170
3126748848
3131335064
3137495751
3145775550
3158864083
3167475235
3170338275
3175004434
3177085312
3194494417
3254785591
3253200036
3251593033
3248464092
3248313795
3242904743
3238552190
3236470566
3233851029
3231500986
3256534578
3257491664
3255547370
3256961169
3258064134
3257386150
3251914993
3259318150
3257332702
3258673372
3261481731
3260273697
3262920150
3261709847
3262558725
3262559311
3263625340
3264110647
3265261614
3267469267
3267382742
3267059270
3266739716
3266223534
3264289850
3266019386
3268041581
3267175222
3267932570
3269254804
3268855381
3270937493
3271495775
3271367553
3268104738
3272284666
3273717624
3273810530
3273910575
3271517064
3277022050
3277028846
3262870672
3276197721
3277173545
3278140812
3173114474
3278144490
3280054813
3274462953
3280980480
3259618066
3273903663
3279330405
3280216789
3281834374
3282400800
3283167200
3283238776
3285481137
3285633504
3286182665
3273375829
3104693607
3289746748
3291260013
3291775385
3284621426
3291812593
3292176189
3292773390
3293436009
3294459795
3295082384
3295495749
3297038916
3297059804
3297642912
3299009552
3197712518
3148678988
3162998843
3217363701
3255751584
3208765636
3102196028
3088434789
3133817890
3303188199
3303191928
3303378356
3306638579
3304371486
3302617978
3286133969
3303404537
3304076935
3304571694
3306796313
3264302314
3304554968
3309007201
3309053758
3310260547
3310660027
3310240982
3304434521
3311391580
3314560349
3318263833
3318559672
3246171131
3307061089
3315967896
3321297949
3322882927
3323092112
3323542208
3324156583
3324696235
3325370910
3325696092
3326176066
3329668908
3330181267
3330692980
3331345627
3331546631
3331937749
3334469634
3075976468
3083690613
3306102386
3324889605
3328341985
3330894823
3333641272
3333753339
3316647362
3334864881
3338986984
3339737651
3339829564
3340741299
3344357687
3345284992
3347081341
3347418203
3348665019
3349087452
3349284078
3352275561
3353304489
3353405580
3343888861
3355293896
3355621066
3355818753
3309934498
3328202968
3328612540
3357015378
3357121032
3358056867
3356773677
3357784018
3364323435
3360193336
3360546897
3361027839
3361357611
3361842183
3256085985
3352809617
3362719311
3363808337
3365075321
3365173481
3365639552
3354454236
3353097518
3366678704
3367623638
3367711562
3367534981
3368351412
3362061557
3300310116
3368922933
3370478043
3369072300
3370830254
3364699616
3368481687
3371340033
3372089032
3373082090
3379185817
3374542647
3375301835
3375366241
3376623477
3375743674
3373306757
3378501953
3378835065
3378842690
3301592460
3321602699
3380479672
3380544762
3381264138
3381888563
3353505696
3336887881
3381259146
3383028817
3381572627
3383451059
3383484740
3385381348
3386114661
3386454337
3387818506
3389333194
3389448043
3390192395
3387284574
3392374432
